9780714866635
9780751547832
9781783528608
9780141988696
9780141028415
9780063092402
9781455558902
9781849057578
9780316332255
9781911590460
9781784382667
9781912854165
9781594771736
9780008340551
9781555977351
9781612005270
9780140445152
9781838661533
9789175035314
9789163978456
9781782199847
9780571361663
9781844549665
9780571224319
9781786090621
9780553813531
9781474619615
9780946621026
9780349144566
9789171736031
9781788308861
9781934170885
9780525533924
9780374201234
9780735218840
9781848892361
9780063047983
9780008313449
9780099457046
9781408716120
9781681372204
9789113081212
9781629377766
9780751535662
9780198707523
9780340933206
9789100185770
9780385496490
9789175037745
9789175036250
9781786892195
9781761065125
9780226730240
9780241251850
9780375757075
9780006551478
9781452174792
9780099530367
9780465064953
9780241980705
9780099458203
9789180271295
9780241454688
9780008472283
9781405298605
9781471151002
9781529063424
9781447292975
9781910985021
9781631499050
9781912782406
9780008327354
9781444792591
9781107521094
9781526760708
9789174636109
9781529135848
9780008305871
9781350113404
9789179693213
9780571350933
9781905662739
9781863514958
9789113077116
9780224100755
9780197514511
9781782118800
9781912624300
9780300179040
9780300184402
9781526601551
9781844083886
9780099286967
9781787396791
9780571220502
9781529415902
9780241984482
9781526605313
9781784704032
9780300218268
9781472135292
9781472283023
9780330294379
9781250785725
9781433557378
9781408822074
9780060934514
9789175691497
9781936597727
9780099464433
9780719565397
9781526640796
9780306923210
9780099422587
9781509813926
9780593189979
9780099505495
9781682042281
9780252086717
9780008259709
9781526640963
9789189061767
9780552171601
9780753559611
9780141984599
9780813944807
9781912782895
9780674996854
9780241465691
9789175039671
9781914298028
9780008407254
9780822347958
9781849548649
9781526766588
9781526602985
9781862078116
9780735239432
9781529010084
9789177894063
9780140455403
9781847179678
9781647423131
9781472285782
9780374538064
9789180579872
9789175035543
9781784873080
9789175691541
9781477325131
9780091937522
9781846045998
9781474622936
9789175037387
9781789141511
9780141027951
9781780225920
9789137504599
9789173875677
9781785037641
9780007150953
9780593356708
9780091930516
9780241385807
9780063007598
9780751565348
9780099173311
9781471184789
9780340828830
9780593139134
9780241535998
9781335471390
9780806541839
9780691197098
9781447275282
9780304356591
9789100184780
9781912854547
9780241521144
9780233005072
9780330522960
9781787601086
9789150948707
9780751582246
9781838953256
9781529110340
9781509877027
9780953478057
9781529110944
9780374500016
9789127112902
9781474612524
9780525509905
9781447294788
9780143129264
9780349112985
9780735225312
9780141983875
9780571303717
9780306921483
9780751575651
9780751515039
9780753519554
9789129724646
9780349011547
9781786090430
9789180070232
9780349116709
9780226641355
9781529149210
9781529388336
9780241252055
9780861540303
9780241465103
9781860499951
9781592409129
9780192854117
9780197536520
9780753540770
9780306922237
9780593133644
9780749924898
9781526639417
9781529105438
9781408845943
9781788705783
9781908745842
9780525619321
9781843681182
9780281079438
9780571227358
9781787112957
9780007554850
9789179032739
9780099286950
9781250147622
9780008336530
9781908809414
9789137502748
9780753559581
9780465072927
9781786061225
9789177894070
9781588347138
9781848840102
9781906148195
9781782392569
9781787382206
9780190096847
9780007925292
9789175457659
9780141189307
9781899791613
9781761150715
9781526767745
9789113121499
9780141391595
9781580059169
9781473622494
9781640092761
9781984801258
9789113116372
9789177851974
9781782278559
9781982142223
9789113108629
9780385348737
9780804834674
9780821421260
9781529073249
9781408878729
9781529148770
9780571354153
9781250194930
9780486290737
9780525566571
9781845296445
9789176994573
9781781556610
9789150961720
9781842126080
9781789462203
9781800751743
9780718193997
9780316534499
9780007126873
9789188317322
9781473877207
9781637580387
9789189061859
9780993298691
9781843547051
9781447227175
9781473651418
9781529124712
9780525508885
9780349105451
9781592405282
9789150964974
9781408890615
9781783350940
9780091951528
9780750953740
9780552169554
9781398409125
9781783787470
9781844080083
9780224092340
9781624650130
9780300251920
9781784873875
9780349013336
9781473699632
9780553817171
9789176994252
9780008284640
9781529385229
9781529148459
9781473635364
9781784876135
9789175693309
9781784707422
9780091943363
9781785944048
9780520280069
9780063062351
9781474616331
9781780725482
9780306826689
9781472947956
9789178515820
9789178530274
9781780979021
9781938221316
9788726193275
9781784708139
9789172472570
9781646220533
9780008196806
9781408714102
9781857545456
9781529107050
9781529104615
9789177423317
9781780276281
9781493061341
9780857426031
9781529318760
9781529084788
9780241519332
9780241484838
9781400031108
9781908213488
9781629377193
9780374116187
9781743790663
9789100184797
9781472128683
9781471132728
9781444737110
9781335050120
9781419718786
9781590033074
9781982129309
9781783787364
9781529156294
9780753519509
9781914240584
9781408705117
9781399704007
9781398446595
9781787385993
9780755315390
9780751552294
9781475807615
9781910695838
9781597841214
9781913172589
9781801500678
9781611856453
9781911547334
9780572035426
9780241952337
9781631497674
9781800465503
9781838600013
9780571230242
9780750966078
9780525509110
9789113121635
9780099572749
9781785043352
9780789213754
9789137159683
9781529399349
9781787383104
9781788162258
9789177424338
9781781555217
9781631495823
9780141049533
9781472261205
9781846144868
9781787397415
9789113093154
9781846047374
9781801500722
9780751570298
9781250799265
9780553819137
9780241244944
9789189357426
9780241550991
9780340899755
9780008318970
9781950994052
9789100190224
9781782395775
9780099584186
9780951951743
9788726108217
9781782439745
9781782111252
9780747568766
9780062879295
9781579550264
9781785633003
9789189061804
9780007204496
9781912624713
9781529111248
9781335522528
9780813944661
9789137503820
9781846046384
9789175036274
9780099628712
9780141043159
9789164234995
9781911346005
9781408842157
9781493059881
9780226731605
9781529096187
9780525521044
9780140441581
9780753558201
9781982158507
9780719598005
9780593159118
9780241554531
9781846685361
9780300254983
9780008465766
9780753556382
9781608681891
9789175036540
9781800691698
9789100187200
9781847923370
9781786090577
9781399601825
9780755346189
9781784272579
9781399701372
9781912023387
9781913406073
9789180021616
9781408822104
9781250765789
9780349011981
9781847923516
9781949709582
9780241351291
9780008241728
9781445682778
9780743258074
9781472123602
9781913097745
9781770415645
9780552178976
9789180500203
9781782274896
9781849839730
9780571330669
9789113037554
9780252044205
9781841593654
9781472289773
9780099487128
9781851779611
9789180270724
9781544507859
9781784870379
9781782439585
9780141183466
9781786068316
9781472146229
9789198516043
9780399590504
9780007432905
9781785152368
9781787394582
9781529109405
9781844087556
9781784703509
9780143106227
9780374536152
9781802790146
9780241973035
9781250619655
9781526208149
9780008284688
9789113056449
9781620552810
9781787601840
9789176995716
9781399601849
9781914414336
9789173378253
9780008542474
9780099732518
9789177852711
9781788735773
9780007545131
9780141007618
9789174293005
9781912587452
9781842125991
9789179694241
9781789461206
9789172475847
9781912854516
9789187891342
9780385696203
9781474606462
9781927099919
9781509877010
9780812997927
9780241457573
9780241349823
9781788280266
9780007205271
9781851779598
9780091887872
9780747596493
9781916081208
9781495035111
9781400080465
9781911617044
9781780894942
9780241560495
9781841155043
9781846047046
9781908538680
9781785041426
9780310269120
9781526653550
9780141044675
9780226335025
9781954306004
9781847674418
9780552170499
9781399085106
9781526604507
9781419726460
9780393867510
9780349433493
9780751569575
9789100188849
9781529404944
9781538754276
9781444776775
9781785152351
9781912587667
9781784876326
9780008442743
9781476773155
9780008211127
9780552174756
9781784872748
9781844155392
9780330433907
9781398506084
9781526650863
9781510766808
9789188919052
9781473635906
9780992769604
9781405373678
9780008454227
9780226549330
9781472974204
9781572842786
9780241951439
9780751578096
9781942173137
9780399588600
9780241287897
9789100199494
9780345350688
9781409147978
9781786898296
9780241987056
9780711264328
9780747593003
9781916434271
9781472293152
9781787333383
9781529124156
9781526612540
9781408801161
9789171396532
9780812995985
9781920143961
9780062979933
9780007204564
9781913172640
9780140195859
9781838855741
9789180020572
9780847860531
9781529124705
9781529324716
9781541675810
9781617298646
9780321776419
9780393979503
9781913348694
9781292401133
9781934356050
9781630574567
9781338134377
9780136633662
9781529087222
9781933820330
9781098102142
9781138779310
9780262044592
9781617295409
9781119609643
9780367766146
9781492093695
9781484263051
9781789664386
9780128021200
9781119872191
9780137622962
9781617294839
9781568812793
9780241363607
9781840788402
9781492078005
9781587145254
9781492083122
9781847925879
9781260463927
9781119617938
9781492053194
9780321637703
9780262534802
9780136627524
9781292061184
9780997367522
9780691147130
9781630574413
9781617295942
9780321842688
9780007434855
9780262019170
9780137647842
9780670921607
9780415718790
9780691207551
9781119513322
9781617293276
9781484253120
9781617290893
9780123708960
9780134692883
9780571358427
9781680507232
9781098105099
9780645082531
9781260122381
9781617299209
9789177854609
9780393345223
9780137682775
9781789097580
9780190889777
9781840789379
9781108711821
9780691181226
9781681983790
9781119806660
9781492047384
9780815361336
9781473764798
9780241481103
9781608075751
9780367424619
9780134545110
9781260460087
9781787332461
9781259641633
9783869931104
9780333992852
9781925836462
9780393608885
9781509304417
9781680457124
9780137469055
9781846149719
9781593272838
9780136877189
9781912555147
9781974725915
9780804726252
9781593278595
9780134685991
9783642446498
9781783293193
9781630574499
9780859341585
9781484263549
9781119823810
9781492088868
9781474235112
9781098102364
9780764362484
9780262034227
9781350065123
9780071369978
9780134494166
9780135182796
9781479837243
9781617292934
9781840789737
9781913083007
9781617297632
9789171734600
9781098116828
9781119675808
9780231196550
9781590282755
9781616554828
9781526440655
9789175311166
9781108823418
9781119300571
9781630574857
9781284077247
9780190602390
9789171735539
9780241398852
9780393354744
9780136523260
9781642939538
9780262045827
9783869930800
9781492077213
9780465051724
9780137619832
9781839211560
9780135667859
9780135957059
9781292108711
9781589486089
9780262542623
9781524101039
9780691196169
9780141982410
9781492084020
9780691210797
9781264257355
9781716745515
9780135159941
9781484251706
9781617297571
9780321834577
9781260463415
9780081030097
9781119645412
9780993088100
9781786647733
9780262045124
9781119602620
9781032023052
9781492034025
9781781256855
9780008302108
9780007547999
9781260026672
9780128112489
9780137314911
9781119878902
9781119722335
9780137568352
9789180060394
9781430262534
9781292402079
9781138627000
9780141981802
9781593279707
9781492039594
9781781169315
9781509302765
9780071744324
9780141987057
9781593376864
9781098116309
9781484274392
9781617296246
9780761536437
9781329224278
9781484280195
9780262046541
9780321934116
9780123706386
9781579550264
9781617290657
9781617295218
9780241317747
9781492054054
9781491910771
9781484263815
9780241474013
9781506726861
9781107546738
9789186951733
9789147122875
9781292263427
9780262045094
9781593279509
9780128128756
9781260473339
9781484278475
9780241245736
9780262535434
9789811237270
9781292061429
9781617295850
9781786275189
9781484271285
9780262529914
9780128201091
9780201112979
9781138574649
9781119833192
9781840789713
9780393350647
9789090332567
9781617298370
9781718501027
9781119785323
9781119820864
9780262028394
9781506713588
9780241356289
9781617299339
9780198845911
9780571358410
9781507217580
9780815340249
9780321336385
9780135802649
9780691219080
9781718501249
9780124201149
9781617296321
9781492086895
9781718501263
9781292154855
9781789090819
9781292159041
9781587145131
9781789090673
9781912047598
9780500023143
9781617294297
9780859343411
9780262534499
9780804171458
9780262542692
9780128008355
9781781689837
9780134757599
9781119867821
9781529314076
9781032121673
9781509303656
9780137673629
9781492081654
9780321601919
9780367199265
9781108843607
9780367350208
9781292273730
9781119863229
9780262018029
9781484262894
9780071744584
9780128025109
9781350117266
9781492087830
9789188684004
9780141977409
9781587144677
9781781577301
9780198794141
9780691171692
9780995382633
9781909414501
9781786635488
9781264268948
9781785653698
9780135937822
9780201633610
9781789098914
9781138123588
9781800325593
9781623567453
9781492062417
9781119700913
9781492079224
9781945683596
9780262622097
9781119446088
9781119724018
9780134997834
9781785653636
9781444762013
9783836583831
9781119797203
9781472985453
9781492076445
9780137574292
9781098113407
9781506710402
9781338343946
9781098121952
9781788401302
9780367524685
9781786494337
9781608874002
9781847942777
9781909430228
9781529018981
9781454933595
9780141985411
9781615470730
9781119591511
9781119619130
9781108724265
9781617293450
9781492076636
9780753447079
9781491952023
9780335249497
9781617297519
9781617291784
9780273764113
9781942788331
9780753559017
9780321929679
9780321988195
9781580650663
9781484220078
9780136829423
9781108748407
9781783297443
9781119786221
9781593279202
9781617294556
9781789098884
9781909414532
9781119736257
9781484258958
9781840789195
9781617295119
9781473610255
9781119862918
9781617298363
9781526468925
9781119643777
9781617296864
9781913491635
9780770436193
9781119711810
9781138954373
9781529375978
9780240811635
9781617290084
9781492074168
9781840789461
9781492052432
9788895315584
9781473647206
9781305267237
9781492077299
9780262561006
9780128182024
9781788478120
9781119687351
9781785785719
9780134777603
9781119829171
9781484228531
9780749924898
9781492025795
9781587145230
9780128053423
9780241320716
9781509547951
9780072226607
9781138035454
9781529722451
9780691219103
9781781164266
9781484235690
9789811552779
9780071780285
9780711254701
9780134686479
9781838458539
9781784163372
9781492056553
9781338161229
9781908968135
9781492077893
9789176997574
9781119740247
9781644673522
9781119715351
9781630574918
9780198784920
9780321278654
9780241446614
9780231193115
9780321967053
9781119666943
9781568817231
9783869931005
9780135245125
9780099546559
9781617298318
9780136642947
9781119684305
9780262539029
9781260473636
9780198844396
9781785032028
9780762468317
9781616559809
9781646091058
9781680507942
9781098109431
9781838003906
9789179852658
9781118300787
9781781450871
9781617297168
9780198739838
9783030616007
9781587144578
9781907994128
9781617294730
9780241426418
9781784744649
9781783299966
9781593279929
9781098113629
9781506720098
9781925836424
9781789096743
9781938377006
9780321573513
9781492052203
9780262542364
9780137623921
9781292220543
9781492077541
9781788735339
9780137556274
9781484242056
9780262542524
9781593279288
9780123944245
9781617295287
9781316622810
9789188799630
9780262035705
9781772940749
9780141988641
9781337405713
9780982368114
9781492081494
9780387310732
9781784700089
9789180270823
9780691211411
9781138632059
9781292096131
9781772942187
9781406366846
9780136823407
9781119844433
9781498740449
9781138080898
9781338767681
9781593278786
9781541757035
9781118935828
9780984782857
9781587147135
9780137568109
9780071472890
9781734464306
9780321714114
9781783293216
9781492050124
9781785654312
9781405299701
9781405947558
9781781576915
9781498775502
9781119134152
9781119842989
9781506720173
9781292025902
9780137470358
9781492076339
9781506728445
9780231197526
9780136642961
9781617294433
9781783295760
9781032028965
9780134211282
9781617297212
9780134434421
9780099540281
9783658241063
9781597496155
9780198779575
9781914231032
9781484259542
9780134291062
9781405837309
9781680509021
9780367342791
9781680507225
9781107150300
9780241184837
9780077125363
9780241469651
9781119858690
9781617293634
9782390251873
9780137358038
9781718502147
9789180076449
9781472147103
9781617295812
9780321348104
9780367507848
9781292098814
9781538754184
9780136600954
9781680508604
9780500022160
9781292155517
9780815384571
9781681987316
9781617297045
9781138787087
9780136484875
9781316626221
9781617295980
9781716745522
9781138498341
9781472283610
9780262533386
9781617297274
9781338714128
9781789099096
9780367553029
9782380170221
9781260463552
9780137464401
9781784758677
9780071828680
9781680456875
9780875848631
9781840789478
9780262018364
9781472265289
9781783304950
9781119861645
9780262039246
9781492055020
9781119642787
9781617296871
9781781577509
9781680507607
9781119838388
9781492085843
9781098136796
9780393867459
9781529345988
9783030338350
9781471839764
9780128128107
9781119852070
9780199602919
9781617296376
9780137843459
9780262038935
9780674976696
9780691212326
9781118006726
9781733146630
9781473774605
9781788167376
9781788165006
9781506725871
9781840787771
9781492056355
9780123969804
9783319167206
9780745346953
9781838458515
9780755500420
9780141991085
9781781168950
9780128195499
9780470117712
9781617296826
9780789749840
9781913183523
9781617296857
9780201657883
9781786636775
9781783304745
9781780175768
9780833091567
9781617293290
9780128024379
9781292076119
9781906897550
9781119626114
9781789955750
9781119741749
9781786491022
9781646091218
9781617295362
9780262539807
9780224097222
9780674976009
9781118124079
9781484226032
9781492603238
9788899212148
9781119433385
9781492092391
9781032163796
9780998547763
9783319958217
9781789097542
9781681986876
9781098101602
9780124158429
9789176998656
9781617291654
9781292025735
9789063692582
9781119648505
9781529356717
9780955683640
9781925836363
9780241358733
9781492072942
9781492078562
9780241343814
9780137625154
9781492054788
9780691225388
9780137622153
9781718500884
9781617296697
9780241459560
9781838019150
9780008329808
9780008350666
9780063066267
9781848313064
9789175233758
9781788680677
9781911344780
9781524850623
9789174240603
9780007139545
9781409127383
9780199593217
9781788421003
9780007550777
9781250128096
9780988781887
9781623159917
9781913062941
9780008149659
9781849953610
9780241239124
9780140432688
9780691177571
9781780231815
9780711271708
9780241014820
9781784727383
9781846892721
9780520272903
9780865719279
9780847858903
9781908213488
9780975717400
9781846893230
9780565093921
9780691205977
9780008530846
9780719565397
9781847926098
9781789140118
9780857840240
9781421441382
9781572818552
9780865718456
9781910002704
9780241460498
9781444737110
9781529112306
9781472941527
9783961712489
9781786276582
9780141984131
9780415267458
9780099575450
9789197566643
9781856233316
9780199571314
9781471185182
9781911663966
9789178870943
9780712357432
9780241412732
9781786487131
9781787832336
9781608687107
9780192845313
9780345345059
9781872082981
9781407199634
9781472908148
9781783350872
9780399166013
9780992784386
9781324002048
9780857332257
9781761045677
9781526623065
9780292719668
9781861268846
9781549225055
9780712353021
9781501752612
9780807027608
9781840385748
9780141990286
9781912480548
9789174631647
9781611807950
9781399404815
9781507215272
9781472973283
9780062797872
9780750960588
9781408830543
9781603420389
9781732825819
9780692658079
9781472152909
9780262046732
9781472128621
9780300253832
9780008216214
9781603582148
9780231180610
9789174635188
9780262543200
9781788542814
9789251350935
9780241535189
9781645020486
9780007146246
9781838661403
9780241257227
9781911547334
9781472936752
9781646042548
9780241217429
9781645020264
9781642830804
9781474490399
9789178092550
9781473601703
9781570767326
9780141033631
9780713645798
9780691168982
9780789208149
9781788639781
9783836538725
9781472294920
9781472987440
9781529013931
9780711269569
9780847870868
9780198706175
9789188805034
9781787331235
9781529410259
9780857835918
9781529010084
9789198161380
9781603580311
9781421438368
9781847979117
9781783781935
9781631599552
9781912081042
9780241534090
9781549224980
9780486828671
9780230759633
9789174634273
9781910016008
9781784707439
9780340919439
9781838952716
9780226816722
9780963810908
9780881928358
9780486274263
9781523501618
9780141012933
9780691199528
9781838950620
9781786857729
9781784875473
9781472230270
9781472222848
9780099268703
9789178870066
9780241287323
9781421443645
9780063002609
9781784707897
9781804190012
9781908213495
9781842466841
9780702306877
9780345510457
9789180077095
9780713687040
